1;10.944083;106.538987
2;10.944083;106.5518401
3;10.944083;106.5646933
4;10.944083;106.5775464
5;10.944083;106.5903996
6;10.944083;106.6032527
7;10.944083;106.6161059
8;10.944083;106.628959
9;10.944083;106.6418122
10;10.944083;106.6546653
11;10.944083;106.6675185
12;10.944083;106.6803716
13;10.944083;106.6932247
14;10.944083;106.7060779
15;10.944083;106.718931
16;10.944083;106.7317842
17;10.944083;106.7446373
18;10.944083;106.7574905
19;10.944083;106.7703436
20;10.944083;106.7831968
21;10.944083;106.7960499
22;10.944083;106.8089031
23;10.944083;106.8217562
24;10.9365197;106.538987
25;10.9365197;106.5518401
26;10.9365197;106.5646933
27;10.9365197;106.5775464
28;10.9365197;106.5903996
29;10.9365197;106.6032527
30;10.9365197;106.6161059
31;10.9365197;106.628959
32;10.9365197;106.6418122
33;10.9365197;106.6546653
34;10.9365197;106.6675185
35;10.9365197;106.6803716
36;10.9365197;106.6932247
37;10.9365197;106.7060779
38;10.9365197;106.718931
39;10.9365197;106.7317842
40;10.9365197;106.7446373
41;10.9365197;106.7574905
42;10.9365197;106.7703436
43;10.9365197;106.7831968
44;10.9365197;106.7960499
45;10.9365197;106.8089031
46;10.9365197;106.8217562
47;10.9289562;106.538987
48;10.9289562;106.5518401
49;10.9289562;106.5646933
50;10.9289562;106.5775464
51;10.9289562;106.5903996
52;10.9289562;106.6032527
53;10.9289562;106.6161059
54;10.9289562;106.628959
55;10.9289562;106.6418122
56;10.9289562;106.6546653
57;10.9289562;106.6675185
58;10.9289562;106.6803716
59;10.9289562;106.6932247
60;10.9289562;106.7060779
61;10.9289562;106.718931
62;10.9289562;106.7317842
63;10.9289562;106.7446373
64;10.9289562;106.7574905
65;10.9289562;106.7703436
66;10.9289562;106.7831968
67;10.9289562;106.7960499
68;10.9289562;106.8089031
69;10.9289562;106.8217562
70;10.9213925;106.538987
71;10.9213925;106.5518401
72;10.9213925;106.5646933
73;10.9213925;106.5775464
74;10.9213925;106.5903996
75;10.9213925;106.6032527
76;10.9213925;106.6161059
77;10.9213925;106.628959
78;10.9213925;106.6418122
79;10.9213925;106.6546653
80;10.9213925;106.6675185
81;10.9213925;106.6803716
82;10.9213925;106.6932247
83;10.9213925;106.7060779
84;10.9213925;106.718931
85;10.9213925;106.7317842
86;10.9213925;106.7446373
87;10.9213925;106.7574905
88;10.9213925;106.7703436
89;10.9213925;106.7831968
90;10.9213925;106.7960499
91;10.9213925;106.8089031
92;10.9213925;106.8217562
93;10.9138286;106.538987
94;10.9138286;106.5518401
95;10.9138286;106.5646933
96;10.9138286;106.5775464
97;10.9138286;106.5903996
98;10.9138286;106.6032527
99;10.9138286;106.6161059
100;10.9138286;106.628959
101;10.9138286;106.6418122
102;10.9138286;106.6546653
103;10.9138286;106.6675185
104;10.9138286;106.6803716
105;10.9138286;106.6932247
106;10.9138286;106.7060779
107;10.9138286;106.718931
108;10.9138286;106.7317842
109;10.9138286;106.7446373
110;10.9138286;106.7574905
111;10.9138286;106.7703436
112;10.9138286;106.7831968
113;10.9138286;106.7960499
114;10.9138286;106.8089031
115;10.9138286;106.8217562
116;10.9062646;106.538987
117;10.9062646;106.5518401
118;10.9062646;106.5646933
119;10.9062646;106.5775464
120;10.9062646;106.5903996
121;10.9062646;106.6032527
122;10.9062646;106.6161059
123;10.9062646;106.628959
124;10.9062646;106.6418122
125;10.9062646;106.6546653
126;10.9062646;106.6675185
127;10.9062646;106.6803716
128;10.9062646;106.6932247
129;10.9062646;106.7060779
130;10.9062646;106.718931
131;10.9062646;106.7317842
132;10.9062646;106.7446373
133;10.9062646;106.7574905
134;10.9062646;106.7703436
135;10.9062646;106.7831968
136;10.9062646;106.7960499
137;10.9062646;106.8089031
138;10.9062646;106.8217562
139;10.8987003;106.538987
140;10.8987003;106.5518401
141;10.8987003;106.5646933
142;10.8987003;106.5775464
143;10.8987003;106.5903996
144;10.8987003;106.6032527
145;10.8987003;106.6161059
146;10.8987003;106.628959
147;10.8987003;106.6418122
148;10.8987003;106.6546653
149;10.8987003;106.6675185
150;10.8987003;106.6803716
151;10.8987003;106.6932247
152;10.8987003;106.7060779
153;10.8987003;106.718931
154;10.8987003;106.7317842
155;10.8987003;106.7446373
156;10.8987003;106.7574905
157;10.8987003;106.7703436
158;10.8987003;106.7831968
159;10.8987003;106.7959748
160;10.8987003;106.808828
161;10.8987003;106.8216811
162;10.8911359;106.5389119
163;10.8911359;106.551765
164;10.8911359;106.5646182
165;10.8911359;106.5774713
166;10.8911359;106.5903245
167;10.8911359;106.6031776
168;10.8911359;106.6160308
169;10.8911359;106.6288839
170;10.8911359;106.6417371
171;10.8911359;106.6545902
172;10.8911359;106.6674434
173;10.8911359;106.6802965
174;10.8911359;106.6931496
175;10.8911359;106.7060028
176;10.8911359;106.7188559
177;10.8911359;106.7317091
178;10.8911359;106.7445622
179;10.8911359;106.7574154
180;10.8911359;106.7702685
181;10.8911359;106.7831217
182;10.8911359;106.7959748
183;10.8911359;106.808828
184;10.8911359;106.8216811
185;10.8835712;106.5389119
186;10.8835712;106.551765
187;10.8835712;106.5646182
188;10.8835712;106.5774713
189;10.8835712;106.5903245
190;10.8835712;106.6031776
191;10.8835712;106.6160308
192;10.8835712;106.6288839
193;10.8835712;106.6417371
194;10.8835712;106.6545902
195;10.8835712;106.6674434
196;10.8835712;106.6802965
197;10.8835712;106.6931496
198;10.8835712;106.7060028
199;10.8835712;106.7188559
200;10.8835712;106.7317091
201;10.8835712;106.7445622
202;10.8835712;106.7574154
203;10.8835712;106.7702685
204;10.8835712;106.7831217
205;10.8835712;106.7959748
206;10.8835712;106.808828
207;10.8835712;106.8216811
208;10.8760064;106.5389119
209;10.8760064;106.551765
210;10.8760064;106.5646182
211;10.8760064;106.5774713
212;10.8760064;106.5903245
213;10.8760064;106.6031776
214;10.8760064;106.6160308
215;10.8760064;106.6288839
216;10.8760064;106.6417371
217;10.8760064;106.6545902
218;10.8760064;106.6674434
219;10.8760064;106.6802965
220;10.8760064;106.6931496
221;10.8760064;106.7060028
222;10.8760064;106.7188559
223;10.8760064;106.7317091
224;10.8760064;106.7445622
225;10.8760064;106.7574154
226;10.8760064;106.7702685
227;10.8760064;106.7831217
228;10.8760064;106.7959748
229;10.8760064;106.808828
230;10.8760064;106.8216811
231;10.8684413;106.5389119
232;10.8684413;106.551765
233;10.8684413;106.5646182
234;10.8684413;106.5774713
235;10.8684413;106.5903245
236;10.8684413;106.6031776
237;10.8684413;106.6160308
238;10.8684413;106.6288839
239;10.8684413;106.6417371
240;10.8684413;106.6545902
241;10.8684413;106.6674434
242;10.8684413;106.6802965
243;10.8684413;106.6931496
244;10.8684413;106.7060028
245;10.8684413;106.7188559
246;10.8684413;106.7317091
247;10.8684413;106.7445622
248;10.8684413;106.7574154
249;10.8684413;106.7702685
250;10.8684413;106.7831217
251;10.8684413;106.7959748
252;10.8684413;106.808828
253;10.8684413;106.8216811
254;10.8608761;106.5389119
255;10.8608761;106.551765
256;10.8608761;106.5646182
257;10.8608761;106.5774713
258;10.8608761;106.5903245
259;10.8608761;106.6031776
260;10.8608761;106.6160308
261;10.8608761;106.6288839
262;10.8608761;106.6417371
263;10.8608761;106.6545902
264;10.8608761;106.6674434
265;10.8608761;106.6802965
266;10.8608761;106.6931496
267;10.8608761;106.7060028
268;10.8608761;106.7188559
269;10.8608761;106.7317091
270;10.8608761;106.7445622
271;10.8608761;106.7574154
272;10.8608761;106.7702685
273;10.8608761;106.7831217
274;10.8608761;106.7959748
275;10.8608761;106.808828
276;10.8608761;106.8216811
277;10.8533107;106.5389119
278;10.8533107;106.551765
279;10.8533107;106.5646182
280;10.8533107;106.5774713
281;10.8533107;106.5903245
282;10.8533107;106.6031776
283;10.8533107;106.6160308
284;10.8533107;106.6288839
285;10.8533107;106.6417371
286;10.8533107;106.6545902
287;10.8533107;106.6674434
288;10.8533107;106.6802965
289;10.8533107;106.6931496
290;10.8533107;106.7060028
291;10.8533107;106.7188559
292;10.8533107;106.7317091
293;10.8533107;106.7445622
294;10.8533107;106.7574154
295;10.8533107;106.7702685
296;10.8533107;106.7831217
297;10.8533107;106.7959748
298;10.8533107;106.808828
299;10.8533107;106.8216811
300;10.8457451;106.5389119
301;10.8457451;106.551765
302;10.8457451;106.5646182
303;10.8457451;106.5774713
304;10.8457451;106.5903245
305;10.8457451;106.6031776
306;10.8457451;106.6160308
307;10.8457451;106.6288839
308;10.8457451;106.6417371
309;10.8457451;106.6545902
310;10.8457451;106.6674434
311;10.8457451;106.6802965
312;10.8457451;106.6931496
313;10.8457451;106.7060028
314;10.8457451;106.7188559
315;10.8457451;106.7317091
316;10.8457451;106.7445622
317;10.8457451;106.7574154
318;10.8457451;106.7702685
319;10.8457451;106.7831217
320;10.8457451;106.7959748
321;10.8457451;106.808828
322;10.8457451;106.8216811
323;10.8381793;106.5389119
324;10.8381793;106.551765
325;10.8381793;106.5646182
326;10.8381793;106.5774713
327;10.8381793;106.5903245
328;10.8381793;106.6031776
329;10.8381793;106.6160308
330;10.8381793;106.6288839
331;10.8381793;106.6417371
332;10.8381793;106.6545902
333;10.8381793;106.6674434
334;10.8381793;106.6802965
335;10.8381793;106.6931496
336;10.8381793;106.7060028
337;10.8381793;106.7188559
338;10.8381793;106.7317091
339;10.8381793;106.7445622
340;10.8381793;106.7574154
341;10.8381793;106.7702685
342;10.8381793;106.7831217
343;10.8381793;106.7959748
344;10.8381793;106.808828
345;10.8381793;106.8216811
346;10.8306133;106.5389119
347;10.8306133;106.551765
348;10.8306133;106.5646182
349;10.8306133;106.5774713
350;10.8306133;106.5903245
351;10.8306133;106.6031776
352;10.8306133;106.6160308
353;10.8306133;106.6288839
354;10.8306133;106.6417371
355;10.8306133;106.6545902
356;10.8306133;106.6674434
357;10.8306133;106.6802965
358;10.8306133;106.6931496
359;10.8306133;106.7060028
360;10.8306133;106.7188559
361;10.8306133;106.7317091
362;10.8306133;106.7445622
363;10.8306133;106.7574154
364;10.8306133;106.7702685
365;10.8306133;106.7831217
366;10.8306133;106.7959748
367;10.8306133;106.808828
368;10.8306133;106.8216811
369;10.8230471;106.5389119
370;10.8230471;106.551765
371;10.8230471;106.5646182
372;10.8230471;106.5774713
373;10.8230471;106.5903245
374;10.8230471;106.6031776
375;10.8230471;106.6160308
376;10.8230471;106.6288839
377;10.8230471;106.6417371
378;10.8230471;106.6545902
379;10.8230471;106.6674434
380;10.8230471;106.6802965
381;10.8230471;106.6931496
382;10.8230471;106.7060028
383;10.8230471;106.7188559
384;10.8230471;106.7317091
385;10.8230471;106.7445622
386;10.8230471;106.7574154
387;10.8230471;106.7702685
388;10.8230471;106.7831217
389;10.8230471;106.7959748
390;10.8230471;106.808828
391;10.8230471;106.8216811
392;10.8154807;106.5389119
393;10.8154807;106.551765
394;10.8154807;106.5646182
395;10.8154807;106.5774713
396;10.8154807;106.5903245
397;10.8154807;106.6031776
398;10.8154807;106.6160308
399;10.8154807;106.6288839
400;10.8154807;106.6417371
401;10.8154807;106.6545902
402;10.8154807;106.6674434
403;10.8154807;106.6802965
404;10.8154807;106.6931496
405;10.8154807;106.7060028
406;10.8154807;106.7188559
407;10.8154807;106.7317091
408;10.8154807;106.7445622
409;10.8154807;106.7574154
410;10.8154807;106.7702685
411;10.8154807;106.7831217
412;10.8154807;106.7959748
413;10.8154807;106.808828
414;10.8154807;106.8216811
415;10.8079142;106.5389119
416;10.8079142;106.551765
417;10.8079142;106.5646182
418;10.8079142;106.5774713
419;10.8079142;106.5903245
420;10.8079142;106.6031776
421;10.8079142;106.6160308
422;10.8079142;106.6288839
423;10.8079142;106.6417371
424;10.8079142;106.6545902
425;10.8079142;106.6674434
426;10.8079142;106.6802965
427;10.8079142;106.6931496
428;10.8079142;106.7060028
429;10.8079142;106.7188559
430;10.8079142;106.7317091
431;10.8079142;106.7445622
432;10.8079142;106.7574154
433;10.8079142;106.7702685
434;10.8079142;106.7831217
435;10.8079142;106.7959748
436;10.8079142;106.808828
437;10.8079142;106.8216811
438;10.8003474;106.5389119
439;10.8003474;106.551765
440;10.8003474;106.5646182
441;10.8003474;106.5774713
442;10.8003474;106.5903245
443;10.8003474;106.6031776
444;10.8003474;106.6160308
445;10.8003474;106.6288839
446;10.8003474;106.6417371
447;10.8003474;106.6545902
448;10.8003474;106.6674434
449;10.8003474;106.6802965
450;10.8003474;106.6931496
451;10.8003474;106.7060028
452;10.8003474;106.7188559
453;10.8003474;106.7317091
454;10.8003474;106.7445622
455;10.8003474;106.7574154
456;10.8003474;106.7702685
457;10.8003474;106.7831217
458;10.8003474;106.7959748
459;10.8003474;106.808828
460;10.8003474;106.8216811
461;10.7927805;106.5389119
462;10.7927805;106.551765
463;10.7927805;106.5646182
464;10.7927805;106.5774713
465;10.7927805;106.5903245
466;10.7927805;106.6031776
467;10.7927805;106.6160308
468;10.7927805;106.6288839
469;10.7927805;106.6417371
470;10.7927805;106.6545902
471;10.7927805;106.6674434
472;10.7927805;106.6802965
473;10.7927805;106.6931496
474;10.7927805;106.7060028
475;10.7927805;106.7188559
476;10.7927805;106.7317091
477;10.7927805;106.7445622
478;10.7927805;106.7574154
479;10.7927805;106.7702685
480;10.7927805;106.7831217
481;10.7927805;106.7959748
482;10.7927805;106.808828
483;10.7927805;106.8216811
484;10.7852133;106.5389119
485;10.7852133;106.551765
486;10.7852133;106.5646182
487;10.7852133;106.5774713
488;10.7852133;106.5903245
489;10.7852133;106.6031776
490;10.7852133;106.6160308
491;10.7852133;106.6288839
492;10.7852133;106.6417371
493;10.7852133;106.6545902
494;10.7852133;106.6674434
495;10.7852133;106.6802965
496;10.7852133;106.6931496
497;10.7852133;106.7060028
498;10.7852133;106.7188559
499;10.7852133;106.7317091
500;10.7852133;106.7445622
501;10.7852133;106.7574154
502;10.7852133;106.7702685
503;10.7852133;106.7831217
504;10.7852133;106.7959748
505;10.7852133;106.808828
506;10.7852133;106.8216811
507;10.777646;106.5389119
508;10.777646;106.551765
509;10.777646;106.5646182
510;10.777646;106.5774713
511;10.777646;106.5903245
512;10.777646;106.6031776
513;10.777646;106.6160308
514;10.777646;106.6288839
515;10.777646;106.6417371
516;10.777646;106.6545902
517;10.777646;106.6674434
518;10.777646;106.6802965
519;10.777646;106.6931496
520;10.777646;106.7060028
521;10.777646;106.7188559
522;10.777646;106.7317091
523;10.777646;106.7445622
524;10.777646;106.7574154
525;10.777646;106.7702685
526;10.777646;106.7831217
527;10.777646;106.7959748
528;10.777646;106.808828
529;10.777646;106.8216811
530;10.7700785;106.5389119
531;10.7700785;106.551765
532;10.7700785;106.5646182
533;10.7700785;106.5774713
534;10.7700785;106.5903245
535;10.7700785;106.6031776
536;10.7700785;106.6160308
537;10.7700785;106.6288839
538;10.7700785;106.6417371
539;10.7700785;106.6545902
540;10.7700785;106.6674434
541;10.7700785;106.6802965
542;10.7700785;106.6931496
543;10.7700785;106.7060028
544;10.7700785;106.7188559
545;10.7700785;106.7317091
546;10.7700785;106.7445622
547;10.7700785;106.7574154
548;10.7700785;106.7702685
549;10.7700785;106.7831217
550;10.7700785;106.7959748
551;10.7700785;106.808828
552;10.7700785;106.8216811
553;10.7625108;106.5389119
554;10.7625108;106.551765
555;10.7625108;106.5646182
556;10.7625108;106.5774713
557;10.7625108;106.5903245
558;10.7625108;106.6031776
559;10.7625108;106.6160308
560;10.7625108;106.6288839
561;10.7625108;106.6417371
562;10.7625108;106.6545902
563;10.7625108;106.6674434
564;10.7625108;106.6802965
565;10.7625108;106.6931496
566;10.7625108;106.7060028
567;10.7625108;106.7188559
568;10.7625108;106.7317091
569;10.7625108;106.7445622
570;10.7625108;106.7574154
571;10.7625108;106.7702685
572;10.7625108;106.7831217
573;10.7625108;106.7959748
574;10.7625108;106.808828
575;10.7625108;106.8216811
576;10.7549429;106.5389119
577;10.7549429;106.551765
578;10.7549429;106.5646182
579;10.7549429;106.5774713
580;10.7549429;106.5903245
581;10.7549429;106.6031776
582;10.7549429;106.6160308
583;10.7549429;106.6288839
584;10.7549429;106.6417371
585;10.7549429;106.6545902
586;10.7549429;106.6674434
587;10.7549429;106.6802965
588;10.7549429;106.6931496
589;10.7549429;106.7060028
590;10.7549429;106.7188559
591;10.7549429;106.7317091
592;10.7549429;106.7445622
593;10.7549429;106.7574154
594;10.7549429;106.7702685
595;10.7549429;106.7831217
596;10.7549429;106.7959748
597;10.7549429;106.808828
598;10.7549429;106.8216811
599;10.7473748;106.5389119
600;10.7473748;106.551765
601;10.7473748;106.5646182
602;10.7473748;106.5774713
603;10.7473748;106.5903245
604;10.7473748;106.6031776
605;10.7473748;106.6160308
606;10.7473748;106.6288839
607;10.7473748;106.6417371
608;10.7473748;106.6545902
609;10.7473748;106.6674434
610;10.7473748;106.6802965
611;10.7473748;106.6931496
612;10.7473748;106.7060028
613;10.7473748;106.7188559
614;10.7473748;106.7317091
615;10.7473748;106.7445622
616;10.7473748;106.7574154
617;10.7473748;106.7702685
618;10.7473748;106.7831217
619;10.7473748;106.7959748
620;10.7473748;106.808828
621;10.7473748;106.8216811
622;10.7398065;106.5389119
623;10.7398065;106.551765
624;10.7398065;106.5646182
625;10.7398065;106.5774713
626;10.7398065;106.5903245
627;10.7398065;106.6031776
628;10.7398065;106.6160308
629;10.7398065;106.6288839
630;10.7398065;106.6417371
631;10.7398065;106.6545902
632;10.7398065;106.6674434
633;10.7398065;106.6802965
634;10.7398065;106.6931496
635;10.7398065;106.7060028
636;10.7398065;106.7188559
637;10.7398065;106.7317091
638;10.7398065;106.7445622
639;10.7398065;106.7574154
640;10.7398065;106.7702685
641;10.7398065;106.7831217
642;10.7398065;106.7959748
643;10.7398065;106.808828
644;10.7398065;106.8216811
645;10.7322381;106.5389119
646;10.7322381;106.551765
647;10.7322381;106.5646182
648;10.7322381;106.5774713
649;10.7322381;106.5903245
650;10.7322381;106.6031776
651;10.7322381;106.6160308
652;10.7322381;106.6288839
653;10.7322381;106.6417371
654;10.7322381;106.6545902
655;10.7322381;106.6674434
656;10.7322381;106.6802965
657;10.7322381;106.6931496
658;10.7322381;106.7060028
659;10.7322381;106.7188559
660;10.7322381;106.7317091
661;10.7322381;106.7445622
662;10.7322381;106.7574154
663;10.7322381;106.7702685
664;10.7322381;106.7831217
665;10.7322381;106.7959748
666;10.7322381;106.808828
667;10.7322381;106.8216811
668;10.7246694;106.5389119
669;10.7246694;106.551765
670;10.7246694;106.5646182
671;10.7246694;106.5774713
672;10.7246694;106.5903245
673;10.7246694;106.6031776
674;10.7246694;106.6160308
675;10.7246694;106.6288839
676;10.7246694;106.6417371
677;10.7246694;106.6545902
678;10.7246694;106.6674434
679;10.7246694;106.6802965
680;10.7246694;106.6931496
681;10.7246694;106.7060028
682;10.7246694;106.7188559
683;10.7246694;106.7317091
684;10.7246694;106.7445622
685;10.7246694;106.7574154
686;10.7246694;106.7702685
687;10.7246694;106.7831217
688;10.7246694;106.7959748
689;10.7246694;106.808828
690;10.7246694;106.8216811
691;10.7171006;106.5389119
692;10.7171006;106.551765
693;10.7171006;106.5646182
694;10.7171006;106.5774713
695;10.7171006;106.5903245
696;10.7171006;106.6031776
697;10.7171006;106.6160308
698;10.7171006;106.6288839
699;10.7171006;106.6417371
700;10.7171006;106.6545902
701;10.7171006;106.6674434
702;10.7171006;106.6802965
703;10.7171006;106.6931496
704;10.7171006;106.7060028
705;10.7171006;106.7188559
706;10.7171006;106.7317091
707;10.7171006;106.7445622
708;10.7171006;106.7574154
709;10.7171006;106.7702685
710;10.7171006;106.7831217
711;10.7171006;106.7959748
712;10.7171006;106.808828
713;10.7171006;106.8216811
714;10.7095316;106.5389119
715;10.7095316;106.551765
716;10.7095316;106.5646182
717;10.7095316;106.5774713
718;10.7095316;106.5903245
719;10.7095316;106.6031776
720;10.7095316;106.6160308
721;10.7095316;106.6288839
722;10.7095316;106.6417371
723;10.7095316;106.6545902
724;10.7095316;106.6674434
725;10.7095316;106.6802965
726;10.7095316;106.6931496
727;10.7095316;106.7060028
728;10.7095316;106.7188559
729;10.7095316;106.7317091
730;10.7095316;106.7445622
731;10.7095316;106.7574154
732;10.7095316;106.7702685
733;10.7095316;106.7831217
734;10.7095316;106.7959748
735;10.7095316;106.808828
736;10.7095316;106.8216811
737;10.7019623;106.5389119
738;10.7019623;106.551765
739;10.7019623;106.5646182
740;10.7019623;106.5774713
741;10.7019623;106.5903245
742;10.7019623;106.6031776
743;10.7019623;106.6160308
744;10.7019623;106.6288839
745;10.7019623;106.6417371
746;10.7019623;106.6545902
747;10.7019623;106.6674434
748;10.7019623;106.6802965
749;10.7019623;106.6931496
750;10.7019623;106.7060028
751;10.7019623;106.7188559
752;10.7019623;106.7317091
753;10.7019623;106.7445622
754;10.7019623;106.7574154
755;10.7019623;106.7702685
756;10.7019623;106.7831217
757;10.7019623;106.7959748
758;10.7019623;106.808828
759;10.7019623;106.8216811
760;10.6943929;106.5389119
761;10.6943929;106.551765
762;10.6943929;106.5646182
763;10.6943929;106.5774713
764;10.6943929;106.5903245
765;10.6943929;106.6031776
766;10.6943929;106.6160308
767;10.6943929;106.6288839
768;10.6943929;106.6417371
769;10.6943929;106.6545902
770;10.6943929;106.6674434
771;10.6943929;106.6802965
772;10.6943929;106.6931496
773;10.6943929;106.7060028
774;10.6943929;106.7188559
775;10.6943929;106.7317091
776;10.6943929;106.7445622
777;10.6943929;106.7574154
778;10.6943929;106.7702685
779;10.6943929;106.7831217
780;10.6943929;106.7959748
781;10.6943929;106.808828
782;10.6943929;106.8216811
783;10.6868233;106.5389119
784;10.6868233;106.551765
785;10.6868233;106.5646182
786;10.6868233;106.5774713
787;10.6868233;106.5903245
788;10.6868233;106.6031776
789;10.6868233;106.6160308
790;10.6868233;106.6288839
791;10.6868233;106.6417371
792;10.6868233;106.6545902
793;10.6868233;106.6674434
794;10.6868233;106.6802965
795;10.6868233;106.6931496
796;10.6868233;106.7060028
797;10.6868233;106.7188559
798;10.6868233;106.7317091
799;10.6868233;106.7445622
800;10.6868233;106.7574154
801;10.6868233;106.7702685
802;10.6868233;106.7831217
803;10.6868233;106.7959748
804;10.6868233;106.808828
805;10.6868233;106.8216811
806;10.6792535;106.5389119
807;10.6792535;106.551765
808;10.6792535;106.5646182
809;10.6792535;106.5774713
810;10.6792535;106.5903245
811;10.6792535;106.6031776
812;10.6792535;106.6160308
813;10.6792535;106.6288839
814;10.6792535;106.6417371
815;10.6792535;106.6545902
816;10.6792535;106.6674434
817;10.6792535;106.6802965
818;10.6792535;106.6931496
819;10.6792535;106.7060028
820;10.6792535;106.7188559
821;10.6792535;106.7317091
822;10.6792535;106.7445622
823;10.6792535;106.7574154
824;10.6792535;106.7702685
825;10.6792535;106.7831217
826;10.6792535;106.7959748
827;10.6792535;106.808828
828;10.6792535;106.8216811
829;10.6716836;106.5389119
830;10.6716836;106.551765
831;10.6716836;106.5646182
832;10.6716836;106.5774713
833;10.6716836;106.5903245
834;10.6716836;106.6031776
835;10.6716836;106.6160308
836;10.6716836;106.6288839
837;10.6716836;106.6417371
838;10.6716836;106.6545902
839;10.6716836;106.6674434
840;10.6716836;106.6802965
841;10.6716836;106.6931496
842;10.6716836;106.7060028
843;10.6716836;106.7188559
844;10.6716836;106.7317091
845;10.6716836;106.7445622
846;10.6716836;106.7574154
847;10.6716836;106.7702685
848;10.6716836;106.7831217
849;10.6716836;106.7959748
850;10.6716836;106.808828
851;10.6641134;106.808828
852;10.656543;106.5260588
853;10.6641134;106.5260588
854;10.6641134;106.5389119
855;10.6641134;106.551765
856;10.6641134;106.5646182
857;10.6641134;106.5774713
858;10.6641134;106.5903245
859;10.6641134;106.6031776
860;10.6641134;106.6160308
861;10.6641134;106.6288839
862;10.6641134;106.6417371
863;10.6641134;106.6545902
864;10.6641134;106.6674434
865;10.6641134;106.6802965
866;10.6641134;106.6931496
867;10.6641134;106.7060028
868;10.6641134;106.7188559
869;10.6641134;106.7317091
870;10.6641134;106.7445622
871;10.6641134;106.7574154
872;10.6641134;106.7702685
873;10.6641134;106.7831217
874;10.6641134;106.7959748
875;10.656543;106.5389119
876;10.656543;106.551765
877;10.656543;106.5646182
878;10.656543;106.5774713
879;10.656543;106.5903245
880;10.656543;106.6031776
881;10.656543;106.6160308
882;10.656543;106.6288839
883;10.656543;106.6417371
884;10.656543;106.6545902
885;10.656543;106.6674434
886;10.656543;106.6802965
887;10.656543;106.6931496
888;10.656543;106.7060028
889;10.656543;106.7188559
890;10.656543;106.7317091
891;10.656543;106.7445622
892;10.656543;106.7574154
893;10.656543;106.7702685
894;10.656543;106.7831217
895;10.656543;106.7959748
896;10.656543;106.808828
897;10.6489725;106.808828
898;10.6414018;106.5260588
899;10.6489725;106.5260588
900;10.6489725;106.5389119
901;10.6489725;106.551765
902;10.6489725;106.5646182
903;10.6489725;106.5774713
904;10.6489725;106.5903245
905;10.6489725;106.6031776
906;10.6489725;106.6160308
907;10.6489725;106.6288839
908;10.6489725;106.6417371
909;10.6489725;106.6545902
910;10.6489725;106.6674434
911;10.6489725;106.6802965
912;10.6489725;106.6931496
913;10.6489725;106.7060028
914;10.6489725;106.7188559
915;10.6489725;106.7317091
916;10.6489725;106.7445622
917;10.6489725;106.7574154
918;10.6489725;106.7702685
919;10.6489725;106.7831217
920;10.6489725;106.7959748
921;10.6414018;106.5389119
922;10.6414018;106.551765
923;10.6414018;106.5646182
924;10.6414018;106.5774713
925;10.6414018;106.5903245
926;10.6414018;106.6031776
927;10.6414018;106.6160308
928;10.6414018;106.6288839
929;10.6414018;106.6417371
930;10.6414018;106.6545902
931;10.6414018;106.6674434
932;10.6414018;106.6802965
933;10.6414018;106.6931496
934;10.6414018;106.7060028
935;10.6414018;106.7188559
936;10.6414018;106.7317091
937;10.6414018;106.7445622
938;10.6414018;106.7574154
939;10.6414018;106.7702685
940;10.6414018;106.7831217
941;10.6414018;106.7959748
942;10.6414018;106.808828
943;10.6338308;106.808828
944;10.6262597;106.5260588
945;10.6338308;106.5260588
946;10.6338308;106.5389119
947;10.6338308;106.551765
948;10.6338308;106.5646182
949;10.6338308;106.5774713
950;10.6338308;106.5903245
951;10.6338308;106.6031776
952;10.6338308;106.6160308
953;10.6338308;106.6288839
954;10.6338308;106.6417371
955;10.6338308;106.6545902
956;10.6338308;106.6674434
957;10.6338308;106.6802965
958;10.6338308;106.6931496
959;10.6338308;106.7060028
960;10.6338308;106.7188559
961;10.6338308;106.7317091
962;10.6338308;106.7445622
963;10.6338308;106.7574154
964;10.6338308;106.7702685
965;10.6338308;106.7831217
966;10.6338308;106.7959748
